80000,2.00E-05,0.0009666034,4.027666,3.970234,0.046929696845388,0.040519428870605
80000,4.00E-05,0.001833474,4.084998,4.076444,0.049684225102139,0.060045334589792
80000,6.00E-05,0.00350175,4.103,4.042352,0.122689012914768,0.144572994241663
80000,8.00E-05,0.004617128,4.074,4.01119,0.082988991920616,0.077522796905169
80000,1.00E-04,0.006130738,4.099666,4.069944,0.047717925835057,0.04586956459353
80000,2.00E-04,0.01709988,4.139664,4.114998,0.058253408106307,0.076954683119353
80000,3.00E-04,0.03253996,3.861666,3.816194,0.068409315491386,0.065631607065499
80000,4.00E-04,0.04943554,3.620332,3.564988,0.066471612166398,0.081344681903613
160000,2.00E-05,0.001078134,5.554,5.491244,0.049588484348687,0.054890225778366
160000,4.00E-05,0.002372138,5.694,5.624426,0.095204452521928,0.091500359430988
160000,6.00E-05,0.004256736,5.636668,5.522994,0.083433250110493,0.06318957782736
160000,8.00E-05,0.006008848,5.601664,5.533214,0.04957590701137,0.074509219536914
160000,1.00E-04,0.00861851,5.567334,5.514372,0.043252646693584,0.044233025490012
160000,2.00E-04,0.02428172,5.517668,5.486652,0.094057053611093,0.089163302619407
160000,3.00E-04,0.0421639,5.178332,5.118076,0.087732788762241,0.091148559374244
160000,4.00E-04,0.0592146,5.080998,5.016186,0.057766930193667,0.073460655768922
